0 608111.84
1e-11 496322.9
2e-11 333116.03
3e-11 168464.66
4e-11 48003.408
5e-11 -14110.754
6e-11 -31133.414
7e-11 -25218.955
8e-11 -15121.85
9e-11 -11351.58
1e-10 -16498.981
1.1e-10 -27938.882
1.2e-10 -41014.828
1.3e-10 -51599.113
1.4e-10 -57403.94
1.5e-10 -58090.563
1.6e-10 -54660.748
1.7e-10 -48652.099
1.8e-10 -41501.434
1.9e-10 -34218.27
2e-10 -27332.933
2.1e-10 -21019.253
2.2e-10 -15266.26
2.3e-10 -10018.853
2.4e-10 -5254.9911
2.5e-10 -1004.0486
2.6e-10 2673.726
2.7e-10 5717.4445
2.8e-10 8090.813
2.9e-10 9794.4093
3e-10 10865.038

0 0.0010711609
1e-11 176875.23
2e-11 276873.06
3e-11 290967.41
4e-11 243649.44
5e-11 174924.86
6e-11 115771.94
7e-11 79645.621
8e-11 65392.886
9e-11 64281.611
1e-10 66651.465
1.1e-10 65777.453
1.2e-10 58968.528
1.3e-10 46858.745
1.4e-10 31862.15
1.5e-10 16691.372
1.6e-10 3380.2605
1.7e-10 -7068.0219
1.8e-10 -14548.947
1.9e-10 -19503.658
2e-10 -22548.141
2.1e-10 -24224.211
2.2e-10 -24900.559
2.3e-10 -24782.047
2.4e-10 -23972.59
2.5e-10 -22542.602
2.6e-10 -20576.574
2.7e-10 -18188.301
2.8e-10 -15515.24
2.9e-10 -12702.193
3e-10 -9884.0718

0 608111.83
1e-11 667693.86
2e-11 718994.05
3e-11 758333.07
4e-11 784664.77
5e-11 803220.65
6e-11 816633.28
7e-11 826148.25
8e-11 832804
9e-11 837471.22
1e-10 840829.63
1.1e-10 843353.05
1.2e-10 845349.66
1.3e-10 847002.35
1.4e-10 848397.85
1.5e-10 849570.62
1.6e-10 850542.13
1.7e-10 851338.14
1.8e-10 851988.38
1.9e-10 852521.66
2e-10 852962.21
2.1e-10 853328.73
2.2e-10 853635.17
2.3e-10 853891.96
2.4e-10 854107.18
2.5e-10 854287.37
2.6e-10 854438.13
2.7e-10 854564.25
2.8e-10 854669.82
2.9e-10 854758.25
3e-10 854832.39

