#     time          Mx           My           Mz      
#     (ns)         (1)          (1)          (1)     
           0       608112            0       608112
  5.5094e-15       608073      110.215       608151
 1.10188e-14       608034      220.422       608190
 2.03572e-14       607968      407.199       608256
 5.17072e-14       607745      1034.07       608477
 8.30572e-14       607521      1660.72       608698
 1.14407e-13       607296      2287.11       608919
 1.45757e-13       607070      2913.26       609139
  1.9536e-13       606712      3903.41       609487
 2.44962e-13       606350       4892.9       609833
 2.94564e-13       605987      5881.71       610179
 3.44167e-13       605621      6869.83       610525
 3.93769e-13       605253      7857.25       610869
 4.43372e-13       604882      8843.96       611212
 4.92974e-13       604510      9829.96       611555
 5.42576e-13       604135      10815.2       611896
 5.92179e-13       603757      11799.8       612237
 6.41781e-13       603378      12783.5       612577
 6.91383e-13       602996      13766.5       612916
 7.40986e-13       602612      14748.8       613255
 7.90588e-13       602226      15730.2       613592
 8.40191e-13       601837      16710.9       613929
 8.89793e-13       601446      17690.8       614265
 9.39395e-13       601053      18669.8       614600
 9.88998e-13       600658      19648.1       614934
  1.0386e-12       600260      20625.5       615268
  1.0882e-12       599861        21602       615601
 1.13781e-12       599459      22577.8       615933
 1.18741e-12       599055      23552.6       616264
 1.23701e-12       598648      24526.6       616595
 1.28661e-12       598240      25499.7       616924
 1.33621e-12       597829      26471.9       617253
  1.4111e-12       597205      27937.9       617749
 1.48598e-12       596575      29401.9       618242
 1.56086e-12       595941      30863.7       618734
 1.63575e-12       595302      32323.3       619224
 1.71063e-12       594658      33780.8       619713
 1.78551e-12       594009      35236.1       620200
 1.86039e-12       593355      36689.2       620686
 1.93528e-12       592697      38139.9       621170
 2.01016e-12       592033      39588.4       621652
 2.08504e-12       591365      41034.6       622133
 2.15992e-12       590692      42478.4       622613
 2.23481e-12       590014      43919.8       623091
 2.30969e-12       589331      45358.8       623568
 2.38457e-12       588644      46795.3       624043
 2.45946e-12       587951      48229.4       624517
 2.53434e-12       587255      49660.9       624989
 2.60922e-12       586553      51089.9       625460
  2.6841e-12       585847      52516.4       625930
 2.75899e-12       585136      53940.3       626398
 2.83387e-12       584420      55361.5       626865
 2.90875e-12       583700      56780.1       627331
 2.98363e-12       582975        58196       627795
 3.09723e-12       581867      60338.7       628498
 3.21082e-12       580748      62475.1       629197
 3.32441e-12       579619      64605.1       629893
   3.438e-12       578479      66728.6       630587
  3.5516e-12       577330      68845.5       631279
 3.66519e-12       576169      70955.7       631967
 3.77878e-12       574999      73059.2       632653
 3.89237e-12       573819      75155.8       633337
 4.00597e-12       572628      77245.5       634018
 4.11956e-12       571428      79328.2       634696
 4.23315e-12       570218      81403.8       635373
 4.34675e-12       568998      83472.2       636047
 4.46034e-12       567767      85533.3       636719
 4.57393e-12       566528        87587       637388
 4.68752e-12       565278      89633.4       638056
 4.80112e-12       564019      91672.2       638721
 4.91471e-12       562751      93703.5       639385
  5.0283e-12       561473      95727.1       640046
 5.14189e-12       560185        97743       640706
 5.25549e-12       558889      99751.1       641364
 5.36908e-12       557582       101751       642019
 5.48267e-12       556267       103744       642674
 5.59627e-12       554943       105728       643326
 5.70986e-12       553609       107704       643976
 5.82345e-12       552267       109672       644625
 5.93705e-12       550915       111632       645273
 6.05064e-12       549555       113583       645918
 6.16423e-12       548185       115526       646563
 6.27782e-12       546807       117461       647205
 6.39142e-12       545420       119387       647846
 6.50501e-12       544025       121305       648486
  6.6186e-12       542621       123214       649125
 6.73219e-12       541208       125115       649762
 6.84579e-12       539787       127006       650397
 6.95938e-12       538358       128889       651032
 7.12994e-12       536196       131700       651982
  7.3005e-12       534016       134490       652929
 7.47107e-12       531817       137260       653874
 7.64163e-12       529600       140009       654816
 7.81219e-12       527365       142738       655756
 7.98275e-12       525112       145446       656694
 8.15331e-12       522843       148133       657629
 8.32388e-12       520555       150799       658562
 8.49444e-12       518251       153443       659493
   8.665e-12       515930       156066       660422
 8.83556e-12       513592       158666       661349
 9.00613e-12       511238       161246       662274
 9.17669e-12       508867       163803       663198
 9.34725e-12       506481       166337       664119
 9.51781e-12       504079       168850       665039
 9.68838e-12       501661       171340       665957
 9.85894e-12       499228       173807       666873
 1.00295e-11       496780       176252       667788
 1.02001e-11       494317       178674       668701
 1.03706e-11       491839       181073       669613
 1.05412e-11       489347       183448       670523
 1.07118e-11       486841       185801       671432
 1.08823e-11       484321       188130       672339
 1.10529e-11       481787       190435       673245
 1.12234e-11       479239       192717       674150
  1.1394e-11       476678       194975       675053
 1.15646e-11       474104       197210       675954
 1.17351e-11       471517       199420       676855
 1.19057e-11       468917       201607       677753
 1.20763e-11       466305       203769       678651
 1.22468e-11       463680       205907       679547
 1.24174e-11       461044       208020       680441
 1.25879e-11       458396       210110       681334
 1.27585e-11       455736       212174       682226
 1.29291e-11       453065       214215       683116
 1.30996e-11       450383       216230       684005
 1.32702e-11       447690       218221       684892
 1.34407e-11       444986       220187       685778
 1.36113e-11       442272       222128       686662
 1.37819e-11       439548       224044       687544
 1.39524e-11       436814       225935       688425
  1.4123e-11       434070       227800       689304
 1.42936e-11       431317       229641       690181
 1.44641e-11       428555       231457       691057
 1.46347e-11       425783       233247       691931
 1.48052e-11       423003       235011       692803
 1.49758e-11       420214       236751       693673
 1.51464e-11       417417       238465       694541
 1.53169e-11       414613       240153       695407
 1.54875e-11       411800       241816       696272
  1.5658e-11       408980       243453       697134
 1.58286e-11       406152       245065       697994
 1.59992e-11       403318       246651       698852
 1.61697e-11       400476       248211       699707
 1.63403e-11       397629       249746       700561
 1.65109e-11       394775       251255       701412
 1.66814e-11       391915       252738       702260
  1.6852e-11       389049       254195       703107
 1.70226e-11       386177       255627       703950
 1.71931e-11       383301       257033       704791
 1.73637e-11       380419       258413       705630
 1.75342e-11       377533       259767       706466
 1.77048e-11       374642       261095       707299
 1.78754e-11       371747       262397       708129
 1.80459e-11       368848       263674       708957
 1.82165e-11       365945       264924       709781
 1.83871e-11       363039       266149       710603
 1.85576e-11       360130       267348       711422
 1.87282e-11       357218       268521       712237
 1.88987e-11       354303       269669       713050
 1.90693e-11       351386       270790       713859
 1.92399e-11       348467       271886       714665
 1.94104e-11       345545       272956       715468
  1.9581e-11       342623       274000       716268
 1.97515e-11       339699       275019       717064
 1.99221e-11       336774       276012       717856
 2.00927e-11       333848       276979       718646
 2.02632e-11       330921       277921       719431
 2.04338e-11       327995       278837       720213
 2.06044e-11       325068       279728       720992
 2.07749e-11       322142       280593       721767
 2.09455e-11       319216       281433       722538
  2.1116e-11       316291       282248       723305
 2.12866e-11       313368       283037       724069
 2.14572e-11       310445       283801       724829
 2.16277e-11       307525       284540       725585
 2.17983e-11       304606       285254       726337
 2.19689e-11       301689       285943       727085
 2.21394e-11       298775       286607       727830
   2.231e-11       295863       287246       728570
 2.24805e-11       292955       287860       729306
 2.26511e-11       290049       288450       730038
 2.28217e-11       287148       289014       730766
 2.29922e-11       284249       289555       731490
 2.31628e-11       281355       290071       732210
 2.33334e-11       278466       290562       732926
 2.35039e-11       275580       291030       733637
 2.36745e-11       272700       291473       734345
  2.3845e-11       269825       291892       735048
 2.40156e-11       266954       292287       735747
 2.41862e-11       264090       292658       736441
 2.43567e-11       261231       293006       737132
 2.45273e-11       258379       293330       737818
 2.46979e-11       255532       293630       738500
 2.48684e-11       252693       293907       739178
  2.5039e-11       249860       294161       739851
 2.52095e-11       247034       294392       740520
 2.53801e-11       244215       294600       741185
 2.55507e-11       241404       294785       741846
 2.57212e-11       238601       294947       742502
 2.58918e-11       235806       295086       743154
 2.60624e-11       233019       295203       743801
 2.62329e-11       230240       295298       744445
 2.64035e-11       227470       295371       745084
  2.6574e-11       224709       295421       745719
 2.67446e-11       221958       295450       746349
 2.69152e-11       219215       295457       746975
 2.70857e-11       216483       295443       747597
 2.72563e-11       213760       295407       748215
 2.74269e-11       211047       295349       748829
 2.75974e-11       208344       295271       749438
  2.7768e-11       205652       295172       750043
 2.79385e-11       202971       295052       750644
 2.81091e-11       200300       294911       751241
 2.82797e-11       197641       294750       751834
 2.84502e-11       194993       294569       752422
 2.86208e-11       192356       294368       753006
 2.87913e-11       189731       294147       753587
 2.89619e-11       187118       293906       754163
 2.91325e-11       184516       293645       754735
  2.9303e-11       181928       293366       755303
 2.94736e-11       179351       293067       755867
 2.96442e-11       176787       292749       756428
 2.98147e-11       174236       292412       756984
 2.99853e-11       171698       292057       757536
 3.01558e-11       169173       291683       758084
 3.03264e-11       166661       291291       758629
  3.0497e-11       164163       290881       759169
 3.06675e-11       161678       290453       759706
 3.09244e-11       157962       289775       760507
 3.11813e-11       154278       289058       761300
 3.14381e-11       150626       288302       762085
  3.1695e-11       147007       287509       762861
 3.19519e-11       143421       286678       763628
 3.22087e-11       139869       285810       764388
 3.24656e-11       136350       284907       765140
 3.27225e-11       132867       283968       765884
 3.29793e-11       129418       282995       766620
 3.32362e-11       126004       281988       767348
 3.34931e-11       122626       280948       768069
 3.37499e-11       119284       279875       768783
 3.40068e-11       115979       278771       769489
 3.42637e-11       112710       277636       770187
 3.45205e-11       109478       276471       770879
 3.47774e-11       106283       275276       771564
 3.50343e-11       103126       274053       772241
 3.52911e-11       100007       272801       772912
  3.5548e-11      96925.5       271523       773576
 3.58049e-11      93882.4       270217       774234
 3.60617e-11      90877.7       268886       774885
 3.63186e-11      87911.6       267530       775529
 3.65755e-11      84984.3       266149       776168
 3.68324e-11        82096       264745       776800
 3.70892e-11      79246.7       263318       777426
 3.73461e-11      76436.6       261868       778045
  3.7603e-11      73665.8       260397       778659
 3.78598e-11      70934.4       258905       779268
 3.81167e-11      68242.5       257393       779870
 3.83736e-11      65590.2       255861       780467
 3.86304e-11      62977.4       254311       781058
 3.88873e-11      60404.3       252743       781644
 3.91442e-11      57870.8       251158       782224
  3.9401e-11      55376.9       249555       782799
 3.96579e-11      52922.7       247937       783369
 3.99148e-11      50508.2       246304       783933
 4.01716e-11      48133.2       244656       784493
 4.04285e-11      45797.8       242994       785047
 4.06854e-11      43501.9       241319       785597
 4.09422e-11      41245.4       239632       786142
 4.11991e-11      39028.3       237932       786682
  4.1456e-11      36850.4       236221       787217
 4.17128e-11      34711.6       234500       787747
 4.19697e-11      32611.9       232768       788273
 4.22266e-11      30551.1       231027       788795
 4.24834e-11        28529       229277       789311
 4.27403e-11      26545.6       227520       789824
 4.29972e-11      24600.6       225754       790332
  4.3254e-11      22693.9       223982       790836
 4.35109e-11      20825.3       222203       791335
 4.37678e-11      18994.6       220419       791830
 4.40247e-11      17201.6       218629       792322
 4.42815e-11      15446.1       216835       792809
 4.45384e-11        13728       215037       793292
 4.47953e-11      12046.9       213236       793770
 4.50521e-11      10402.6       211431       794245
  4.5309e-11         8795       209624       794716
 4.55658e-11      7223.69       207815       795183
 4.58227e-11      5688.47       206005       795647
 4.60796e-11      4189.09       204195       796106
 4.63365e-11      2725.27       202383       796562
 4.65933e-11      1296.74       200573       797014
 4.68502e-11     -96.7794       198763       797462
 4.71071e-11     -1455.59       196954       797906
 4.73639e-11     -2780.01       195146       798347
 4.76208e-11     -4070.33       193342       798784
 4.78777e-11     -5326.85       191539       799218
 4.81345e-11     -6549.87       189740       799648
 4.83914e-11     -7739.73       187944       800075
 4.86483e-11     -8896.74       186153       800498
 4.89051e-11     -10021.2       184365       800918
  4.9162e-11     -11113.5       182583       801334
 4.94189e-11       -12174       180806       801747
 4.96757e-11       -13203       179035       802156
 4.99326e-11     -14200.8       177269       802563
 5.01895e-11     -15167.9       175510       802965
 5.04463e-11     -16104.5       173758       803365
 5.07032e-11       -17011       172014       803761
 5.09601e-11     -17887.8       170277       804154
 5.12169e-11     -18735.3       168547       804544
 5.14738e-11     -19553.8       166827       804930
 5.17307e-11     -20343.6       165114       805314
 5.19875e-11     -21105.2       163411       805694
 5.22444e-11     -21838.9       161717       806071
 5.25013e-11     -22545.2       160033       806445
 5.27581e-11     -23224.3       158359       806816
  5.3015e-11     -23876.7       156695       807184
 5.32719e-11     -24502.7       155041       807548
 5.35288e-11     -25102.8       153399       807910
 5.37856e-11     -25677.4       151767       808269
 5.40425e-11     -26226.7       150147       808624
 5.42994e-11     -26751.3       148539       808977
 5.45562e-11     -27251.5       146943       809327
 5.48131e-11     -27727.6       145358       809674
   5.507e-11     -28180.2       143786       810017
 5.53268e-11     -28609.5       142227       810358
 5.55837e-11       -29016       140681       810697
 5.58406e-11     -29400.1       139147       811032
 5.60974e-11     -29762.1       137627       811364
 5.63543e-11     -30102.5       136121       811694
 5.66112e-11     -30421.7       134628       812021
  5.6868e-11       -30720       133149       812345
 5.71249e-11     -30997.8       131684       812666
 5.73818e-11     -31255.5       130233       812984
 5.76386e-11     -31493.5       128797       813300
 5.78955e-11     -31712.3       127375       813613
 5.81524e-11     -31912.2       125968       813924
 5.84092e-11     -32093.5       124576       814231
 5.86661e-11     -32256.8       123199       814537
  5.8923e-11     -32402.3       121837       814839
 5.91798e-11     -32530.4       120490       815139
 5.94367e-11     -32641.6       119159       815436
 5.96936e-11     -32736.3       117843       815731
 5.99504e-11     -32814.7       116543       816023
 6.02073e-11     -32877.4       115258       816313
 6.04642e-11     -32924.5       113989       816600
  6.0721e-11     -32956.7       112736       816884
 6.09779e-11     -32974.2       111499       817166
 6.12348e-11     -32977.3       110278       817446
 6.14917e-11     -32966.5       109072       817723
 6.17485e-11     -32942.2       107883       817998
 6.20054e-11     -32904.7       106711       818270
 6.22623e-11     -32854.3       105554       818540
 6.25191e-11     -32791.4       104414       818808
  6.2776e-11     -32716.5       103290       819073
 6.30329e-11     -32629.8       102182       819336
 6.32897e-11     -32531.6       101091       819596
 6.35466e-11     -32422.5       100016       819855
 6.38035e-11     -32302.6      98957.4       820111
 6.40603e-11     -32172.4      97915.1       820364
 6.43172e-11     -32032.1      96889.3       820616
 6.45741e-11     -31882.2      95879.9       820865
 6.48309e-11       -31723      94886.9       821112
 6.50878e-11     -31554.7      93910.2       821357
 6.53447e-11     -31377.8      92949.8       821600
 6.56015e-11     -31192.5      92005.8       821841
 6.58584e-11     -30999.3        91078       822079
 6.61153e-11     -30798.3      90166.5       822315
 6.63721e-11       -30590      89271.2       822549
  6.6629e-11     -30374.5        88392       822782
 6.68859e-11     -30152.4        87529       823012
 6.71427e-11     -29923.8      86682.1       823240
 6.73996e-11       -29689      85851.1       823465
 6.76565e-11     -29448.5        85036       823689
 6.79133e-11     -29202.3      84236.9       823911
 6.81702e-11     -28950.9      83453.5       824131
 6.84271e-11     -28694.6      82685.8       824349
 6.86839e-11     -28433.5      81933.8       824565
 6.89408e-11     -28168.1      81197.4       824780
 6.91977e-11     -27898.6      80476.5       824992
 6.94546e-11     -27625.2      79770.9       825202
 6.97114e-11     -27348.3      79080.6       825410
 6.99683e-11       -27068      78405.5       825617
 7.02252e-11     -26784.8      77745.5       825822
  7.0482e-11     -26498.7      77100.5       826024
 7.07389e-11     -26210.1      76470.5       826226
 7.09958e-11     -25919.3      75855.1       826425
 7.12526e-11     -25626.4      75254.4       826622
 7.15095e-11     -25331.8      74668.3       826818
 7.17664e-11     -25035.6      74096.6       827012
 7.20232e-11     -24738.2      73539.1       827204
 7.22801e-11     -24439.6      72995.9       827394
  7.2537e-11     -24140.3      72466.7       827583
 7.27938e-11     -23840.3      71951.4       827770
 7.30507e-11     -23539.9      71449.9       827955
 7.33076e-11     -23239.4        70962       828139
 7.35644e-11     -22938.8      70487.6       828321
 7.38213e-11     -22638.6      70026.6       828501
 7.40782e-11     -22338.8      69578.8       828680
  7.4335e-11     -22039.6      69144.1       828857
 7.45919e-11     -21741.3      68722.3       829033
 7.48488e-11       -21444      68313.3       829207
 7.51056e-11       -21148      67916.9       829379
 7.53625e-11     -20853.4        67533       829550
 7.56194e-11     -20560.4      67161.4       829719
 7.58762e-11     -20269.2      66801.9       829887
 7.61331e-11     -19979.9      66454.5       830053
   7.639e-11     -19692.7      66118.9       830218
 7.66468e-11     -19407.8        65795       830382
 7.69037e-11     -19125.4      65482.6       830543
 7.71606e-11     -18845.5      65181.6       830704
 7.74174e-11     -18568.5      64891.7       830863
 7.76743e-11     -18294.3      64612.9       831020
 7.79312e-11     -18023.3        64345       831176
 7.81881e-11     -17755.4      64087.7       831331
 7.84449e-11     -17490.9        63841       831484
 7.87018e-11     -17229.8      63604.6       831636
 7.89587e-11     -16972.3      63378.4       831786
 7.92155e-11     -16718.6      63162.2       831936
 7.94724e-11     -16468.8      62955.8       832083
 7.97293e-11     -16222.9      62759.1       832230
 7.99861e-11     -15981.2        62572       832375
  8.0243e-11     -15743.7      62394.1       832519
 8.04999e-11     -15510.5      62225.4       832662
 8.07567e-11     -15281.7      62065.6       832803
 8.10136e-11     -15057.4      61914.7       832943
 8.12705e-11     -14837.8      61772.3       833082
 8.15273e-11       -14623      61638.5       833219
 8.17842e-11       -14413      61512.9       833356
 8.20411e-11     -14207.9      61395.4       833491
 8.22979e-11     -14007.7      61285.8       833625
 8.25548e-11     -13812.7        61184       833757
 8.28117e-11     -13622.9      61089.7       833889
 8.30685e-11     -13438.2      61002.9       834019
 8.33254e-11     -13258.9      60923.3       834149
 8.35823e-11       -13085      60850.7       834277
 8.38391e-11     -12916.6        60785       834404
  8.4096e-11     -12753.6        60726       834529
 8.43529e-11     -12596.2      60673.6       834654
 8.46097e-11     -12444.5      60627.5       834778
 8.48666e-11     -12298.4      60587.6       834900
 8.51235e-11     -12158.1      60553.7       835022
 8.53803e-11     -12023.5      60525.7       835142
 8.56372e-11     -11894.8      60503.3       835261
 8.58941e-11       -11772      60486.5       835380
 8.61509e-11     -11655.1        60475       835497
 8.64078e-11     -11544.1      60468.6       835613
 8.66647e-11     -11439.1      60467.3       835728
 8.69216e-11     -11340.1      60470.8       835843
 8.71784e-11     -11247.1        60479       835956
 8.74353e-11     -11160.2      60491.7       836068
 8.76921e-11     -11079.4      60508.8       836179
  8.7949e-11     -11004.7        60530       836290
 8.82059e-11     -10936.1      60555.3       836399
 8.84628e-11     -10873.6      60584.4       836507
 8.87196e-11     -10817.3      60617.3       836615
 8.89765e-11     -10767.1      60653.6       836721
 8.92334e-11     -10723.1      60693.4       836827
 8.94902e-11     -10685.3      60736.4       836932
 8.97471e-11     -10653.7      60782.5       837036
  9.0004e-11     -10628.2      60831.6       837139
 9.02608e-11     -10608.8      60883.4       837241
 9.05177e-11     -10595.7      60937.8       837342
 9.07746e-11     -10588.7      60994.8       837442
 9.10314e-11     -10587.8        61054       837542
 9.12883e-11       -10593      61115.5       837641
 9.15452e-11     -10604.4      61178.9       837738
 9.19306e-11     -10632.9      61277.6       837884
  9.2316e-11       -10675      61380.1       838027
 9.27014e-11     -10730.8      61485.9       838169
 9.30868e-11       -10800      61594.6       838309
 9.34722e-11     -10882.7      61705.7       838447
 9.38576e-11     -10978.6      61818.7       838584
  9.4243e-11     -11087.7      61933.3       838719
 9.46284e-11     -11209.9        62049       838852
 9.50139e-11     -11345.1      62165.3       838984
 9.53993e-11       -11493        62282       839114
 9.57847e-11     -11653.5      62398.5       839243
 9.61701e-11     -11826.6      62514.5       839370
 9.65555e-11     -12011.9      62629.5       839495
 9.69409e-11     -12209.4      62743.3       839620
 9.73263e-11     -12418.9      62855.4       839742
 9.77117e-11     -12640.2      62965.5       839863
 9.80971e-11       -12873      63073.2       839983
 9.84825e-11     -13117.3      63178.2       840102
 9.88679e-11     -13372.7      63280.2       840219
 9.92534e-11     -13639.1      63378.8       840334
 9.96388e-11     -13916.3      63473.7       840449
 1.00024e-10       -14204      63564.7       840562
  1.0041e-10       -14502      63651.4       840674
 1.00795e-10     -14810.1      63733.5       840784
  1.0118e-10       -15128      63810.8       840894
 1.01566e-10     -15455.6        63883       841002
 1.01951e-10     -15792.5      63949.8       841109
 1.02337e-10     -16138.5        64011       841215
 1.02722e-10     -16493.4      64066.4       841320
 1.03107e-10     -16856.9      64115.6       841423
 1.03493e-10     -17228.7      64158.6       841526
 1.03878e-10     -17608.6      64195.1       841627
 1.04264e-10     -17996.4      64224.8       841727
 1.04649e-10     -18391.7      64247.7       841827
 1.05035e-10     -18794.4      64263.4       841925
  1.0542e-10       -19204      64271.8       842022
 1.05805e-10     -19620.4      64272.8       842118
 1.06191e-10     -20043.3      64266.3       842213
 1.06576e-10     -20472.4      64251.9       842308
 1.06962e-10     -20907.5      64229.7       842401
 1.07347e-10     -21348.2      64199.4       842493
 1.07732e-10     -21794.3        64161       842585
 1.08118e-10     -22245.5      64114.3       842675
 1.08503e-10     -22701.5      64059.2       842765
 1.08889e-10     -23162.2      63995.6       842854
 1.09274e-10     -23627.1      63923.5       842942
 1.09659e-10       -24096      63842.7       843029
 1.10045e-10     -24568.6      63753.1       843115
  1.1043e-10     -25044.8      63654.8       843201
 1.10816e-10     -25524.1      63547.5       843285
 1.11201e-10     -26006.3      63431.4       843369
 1.11586e-10     -26491.2      63306.3       843452
 1.11972e-10     -26978.5      63172.2       843535
 1.12357e-10     -27467.8        63029       843616
 1.12743e-10     -27959.1      62876.7       843697
 1.13128e-10     -28451.9      62715.4       843777
 1.13514e-10       -28946        62545       843857
 1.13899e-10     -29441.2      62365.5       843936
 1.14284e-10     -29937.2      62176.8       844014
  1.1467e-10     -30433.8      61979.1       844091
 1.15055e-10     -30930.6      61772.3       844168
 1.15441e-10     -31427.6      61556.4       844244
 1.15826e-10     -31924.3      61331.5       844319
 1.16211e-10     -32420.6      61097.6       844394
 1.16597e-10     -32916.2      60854.7       844468
 1.16982e-10     -33410.9      60602.9       844542
 1.17368e-10     -33904.5      60342.2       844615
 1.17753e-10     -34396.6      60072.7       844687
 1.18337e-10     -35139.7      59647.4       844796
 1.18922e-10     -35878.3      59202.2       844903
 1.19506e-10     -36611.6      58737.3       845009
 1.20091e-10       -37339        58253       845114
 1.20675e-10     -38059.7      57749.7       845217
  1.2126e-10       -38773      57227.6       845320
 1.21844e-10     -39478.3      56687.2       845421
 1.22429e-10     -40174.9      56128.7       845521
 1.23013e-10     -40862.1      55552.5       845620
 1.23597e-10     -41539.5      54959.2       845718
 1.24182e-10     -42206.3        54349       845814
 1.24766e-10       -42862      53722.4       845910
 1.25351e-10     -43506.2      53079.8       846005
 1.25935e-10     -44138.2      52421.9       846099
  1.2652e-10     -44757.6      51748.9       846191
 1.27104e-10       -45364      51061.4       846283
 1.27689e-10     -45956.8      50359.9       846374
 1.28273e-10     -46535.7      49644.9       846464
 1.28858e-10     -47100.2      48916.9       846553
 1.29442e-10     -47650.1      48176.4       846641
 1.30026e-10     -48184.9      47424.1       846728
 1.30611e-10     -48704.4      46660.3       846814
 1.31195e-10     -49208.2      45885.7       846900
  1.3178e-10     -49696.1      45100.8       846984
 1.32364e-10     -50167.8      44306.2       847068
 1.32949e-10       -50623      43502.3       847151
 1.33533e-10     -51061.7      42689.9       847233
 1.34118e-10     -51483.5      41869.3       847314
 1.34702e-10     -51888.3      41041.2       847395
 1.35287e-10     -52276.1      40206.1       847475
 1.35871e-10     -52646.6      39364.6       847554
 1.36455e-10     -52999.8      38517.2       847632
  1.3704e-10     -53335.5      37664.5       847709
 1.37624e-10     -53653.8      36806.9       847786
 1.38209e-10     -53954.6      35945.1       847862
 1.38793e-10     -54237.8      35079.6       847937
 1.39378e-10     -54503.5      34210.8       848011
 1.39962e-10     -54751.7      33339.4       848085
 1.40546e-10     -54982.4      32465.8       848158
 1.41131e-10     -55195.6      31590.6       848230
 1.41715e-10     -55391.5      30714.2       848302
   1.423e-10     -55570.1      29837.1       848373
 1.42884e-10     -55731.4      28959.9       848443
 1.43469e-10     -55875.7      28082.9       848512
 1.44053e-10     -56003.1      27206.8       848581
 1.44638e-10     -56113.6      26331.8       848649
 1.45222e-10     -56207.5      25458.5       848716
 1.45807e-10     -56284.8      24587.3       848783
 1.46391e-10     -56345.9      23718.6       848849
 1.46976e-10     -56390.8      22852.9       848915
  1.4756e-10     -56419.8      21990.5       848979
 1.48144e-10     -56433.1      21131.9       849043
 1.48729e-10     -56430.9      20277.4       849107
 1.49313e-10     -56413.4      19427.4       849169
 1.49898e-10     -56380.9      18582.3       849231
 1.50482e-10     -56333.6      17742.3       849293
 1.51067e-10     -56271.9        16908       849353
 1.51651e-10     -56195.9      16079.4       849413
 1.52235e-10     -56105.9      15257.1       849473
  1.5282e-10     -56002.2      14441.2       849532
 1.53404e-10     -55885.1      13632.1       849590
 1.53989e-10     -55754.8        12830       849647
 1.54573e-10     -55611.7      12035.3       849704
 1.55158e-10       -55456        11248       849761
 1.55742e-10     -55288.1      10468.5       849816
 1.56327e-10     -55108.1      9697.02       849872
 1.56911e-10     -54916.5      8933.76       849926
 1.57496e-10     -54713.5      8178.86       849980
  1.5808e-10     -54499.5      7432.62       850033
 1.58665e-10     -54274.6       6695.1       850086
 1.59249e-10     -54039.5      5966.58       850138
 1.59833e-10     -53794.1      5247.12       850190
 1.60418e-10     -53538.9      4536.96       850241
 1.61002e-10     -53274.3      3836.18       850291
 1.61587e-10     -53000.5      3144.92       850341
 1.62171e-10     -52717.7      2463.21       850390
 1.62756e-10     -52426.4      1791.27       850439
  1.6334e-10     -52126.7      1129.09       850487
 1.63925e-10     -51819.2      476.848       850535
 1.64509e-10     -51503.9     -165.481       850582
 1.65093e-10     -51181.3     -797.737       850628
 1.65678e-10     -50851.7     -1419.89       850674
 1.66262e-10     -50515.2        -2032       850720
 1.66847e-10     -50172.3     -2633.89       850765
 1.67431e-10     -49823.3     -3225.61       850809
 1.68016e-10     -49468.2     -3807.18       850853
   1.686e-10     -49107.6     -4378.51       850897
 1.69185e-10     -48741.7     -4939.64       850940
 1.69769e-10     -48370.6      -5490.6       850982
 1.70353e-10     -47994.7     -6031.37       851024
 1.70938e-10     -47614.3     -6561.98       851065
 1.71522e-10     -47229.7     -7082.44       851106
 1.72107e-10     -46840.9     -7592.88       851147
 1.72691e-10     -46448.3     -8093.27       851187
 1.73276e-10     -46052.2     -8583.64       851227
  1.7386e-10     -45652.9     -9064.04       851266
 1.74445e-10     -45250.5     -9534.55       851304
 1.75029e-10     -44845.3     -9995.22       851343
 1.75614e-10     -44437.2     -10446.2       851380
 1.76198e-10     -44026.8     -10887.5       851418
 1.76782e-10     -43614.3     -11319.2       851455
 1.77367e-10     -43199.8     -11741.4       851491
 1.77951e-10     -42783.4     -12154.2       851527
 1.78536e-10     -42365.6     -12557.7       851563
  1.7912e-10     -41946.3     -12951.9       851598
 1.79705e-10     -41525.7     -13336.9       851633
 1.80622e-10     -40863.5     -13923.4       851687
  1.8154e-10     -40199.4       -14488       851740
 1.82458e-10       -39534     -15031.2       851792
 1.83375e-10     -38867.9     -15553.3       851843
 1.84293e-10     -38201.5       -16055       851893
  1.8521e-10     -37535.5     -16536.5       851942
 1.86128e-10     -36870.3     -16998.5       851990
 1.87046e-10     -36206.4     -17441.3       852038
 1.87963e-10     -35544.2     -17865.5       852085
 1.88881e-10       -34884     -18271.4       852130
 1.89798e-10     -34226.3     -18659.7       852175
 1.90716e-10     -33571.5     -19030.6       852220
 1.91634e-10     -32919.8     -19384.9       852263
 1.92551e-10     -32271.6     -19722.8       852306
 1.93469e-10       -31627     -20044.8       852348
 1.94387e-10     -30986.4     -20351.5       852389
 1.95304e-10       -30350     -20643.3       852430
 1.96222e-10     -29717.9     -20920.6       852469
 1.97139e-10     -29090.2     -21183.8       852508
 1.98057e-10     -28467.3     -21433.4       852547
 1.98975e-10     -27849.1     -21669.9       852585
 1.99892e-10     -27235.9     -21893.5       852622
  2.0081e-10     -26627.6     -22104.8       852658
 2.01727e-10     -26024.5       -22304       852694
 2.02645e-10     -25426.4     -22491.6       852729
 2.03563e-10     -24833.5       -22668       852764
  2.0448e-10     -24245.8     -22833.4       852798
 2.05398e-10     -23663.4     -22988.3       852831
 2.06316e-10     -23086.2     -23132.9       852864
 2.07233e-10     -22514.3     -23267.6       852897
 2.08151e-10     -21947.6     -23392.7       852929
 2.09068e-10     -21386.3     -23508.3       852960
 2.09986e-10       -20830     -23614.9       852991
 2.10903e-10     -20279.1     -23712.7       853021
 2.11821e-10     -19733.2     -23801.9       853051
 2.12739e-10     -19192.6     -23882.8       853080
 2.13656e-10       -18657     -23955.6       853109
 2.14574e-10     -18126.5     -24020.5       853137
 2.15492e-10     -17600.9     -24077.7       853165
 2.16409e-10     -17080.4     -24127.4       853192
 2.17327e-10     -16564.7     -24169.8       853219
 2.18244e-10       -16054     -24205.1       853245
 2.19162e-10     -15548.1     -24233.4       853272
  2.2008e-10       -15047     -24254.9       853297
 2.20997e-10     -14550.7     -24269.6       853322
 2.21915e-10       -14059     -24277.9       853347
 2.22832e-10       -13572     -24279.7       853371
  2.2375e-10     -13089.6     -24275.2       853395
 2.24668e-10     -12611.8     -24264.5       853419
 2.25585e-10     -12138.4     -24247.8       853442
 2.26503e-10     -11669.6       -24225       853465
 2.27421e-10     -11205.2     -24196.4       853487
 2.28338e-10     -10745.2     -24161.9       853510
 2.29256e-10     -10289.7     -24121.8       853531
 2.30173e-10     -9838.53       -24076       853553
 2.31091e-10     -9391.73     -24024.6       853574
 2.32472e-10     -8727.76       -23937       853605
 2.33852e-10     -8073.63     -23837.2       853635
 2.35233e-10     -7429.31     -23725.5       853665
 2.36613e-10     -6794.82     -23601.9       853693
 2.37994e-10     -6170.17     -23466.8       853721
 2.39374e-10      -5555.4     -23320.3       853749
 2.40755e-10     -4950.55     -23162.5       853776
 2.42136e-10     -4355.71     -22993.8       853802
 2.43516e-10     -3770.94     -22814.2       853827
 2.44897e-10     -3196.35       -22624       853852
 2.46277e-10     -2632.03     -22423.4       853877
 2.47658e-10     -2078.09     -22212.6       853900
 2.49038e-10     -1534.67     -21991.8       853923
 2.50419e-10     -1001.87     -21761.2       853946
   2.518e-10     -479.847       -21521       853968
  2.5318e-10      31.2775     -21271.5       853989
 2.54561e-10      531.364       -21013       854010
 2.55941e-10      1020.27     -20745.6       854031
 2.57322e-10      1497.87     -20469.7       854051
 2.58702e-10      1964.02     -20185.6       854070
 2.60083e-10       2418.6     -19893.5       854089
 2.61464e-10      2861.47     -19593.7       854108
 2.62844e-10      3292.51     -19286.5       854126
 2.64225e-10      3711.62     -18972.3       854144
 2.65605e-10       4118.7     -18651.3       854161
 2.66986e-10      4513.63       -18324       854178
 2.68366e-10      4896.35     -17990.6       854194
 2.69747e-10      5266.77     -17651.5       854210
 2.71127e-10      5624.84       -17307       854226
 2.72508e-10      5970.49     -16957.5       854241
 2.73889e-10      6303.69     -16603.3       854256
 2.75269e-10      6624.41     -16244.9       854271
  2.7665e-10      6932.64     -15882.5       854285
  2.7803e-10      7228.37     -15516.6       854299
 2.79411e-10      7511.62     -15147.5       854312
 2.80791e-10       7782.4     -14775.5       854325
 2.82172e-10      8040.77     -14401.1       854338
 2.83552e-10      8286.76     -14024.5       854350
 2.84933e-10      8520.44     -13646.2       854363
 2.86314e-10      8741.89     -13266.5       854375
 2.87694e-10      8951.19     -12885.7       854386
 2.89075e-10      9148.44     -12504.3       854398
 2.90455e-10      9333.76     -12122.4       854409
 2.91836e-10      9507.26     -11740.4       854419
 2.93217e-10      9669.08     -11358.5       854430
 2.94597e-10      9819.32     -10977.2       854440
 2.95978e-10      9958.15       -10597       854450
 2.97358e-10      10085.9     -10218.1       854460
 2.98739e-10      10202.5     -9840.73       854469
 3.00119e-10      10308.4     -9465.19       854479
 3.00119e-10      10308.4     -9465.19       854479
