# 0 value for normalisation
# Oxs_UZeeman::Bx Oxs_UZeeman::By Oxs_UZeeman::Bz Oxs_TimeDriver::Mx Oxs_TimeDriver::My Oxs_TimeDriver::Mz 
-1007.551145017628 2015.102290035257 -3022.653435052885 -249581.1013366742 196486.5318995631 -377526.3448259664 
-997.4756335674521 1994.951267134904 -2992.426900702356 -250490.2848481767 196288.0724576172 -377027.1000969989 
-987.4001221172757 1974.800244234551 -2962.200366351827 -251410.3354288882 196090.6155407063 -376517.1153299683 
-977.3246106670995 1954.649221334199 -2931.973832001298 -252341.9230388199 195894.8033116616 -375995.4844310711 
-967.2490992169231 1934.498198433846 -2901.747297650769 -253285.1466408037 195700.6576376371 -375461.9973996613 
-957.1735877667469 1914.347175533494 -2871.52076330024 -254240.104249722 195508.2123521827 -374916.434280953 
-947.0980763165705 1894.196152633141 -2841.294228949711 -255206.8843484086 195317.4812340608 -374358.587594248 
-937.0225648663943 1874.045129732789 -2811.067694599183 -256185.5731250012 195128.4855772489 -373788.2430453692 
-926.947053416218 1853.894106832436 -2780.841160248654 -257176.2507824971 194941.2419156655 -373205.1883801142 
-916.8715419660417 1833.743083932083 -2750.614625898125 -258178.9882952558 194755.7495621517 -372609.2221286571 
-906.7960305158654 1813.592061031731 -2720.388091547597 -259193.8540278586 194572.0184037621 -372000.1345274909 
-896.7205190656891 1793.441038131378 -2690.161557197067 -260220.9056063735 194390.0363275616 -371377.730164274 
-886.6450076155128 1773.290015231026 -2659.935022846538 -261260.1963177939 194209.7970775896 -370741.8089979459 
-876.5694961653367 1753.138992330673 -2629.70848849601 -262311.7718233882 194031.28781288 -370092.1751571497 
-866.4939847151602 1732.98796943032 -2599.48195414548 -263375.6674735664 193854.4765601539 -369428.6454789913 
-856.4184732649841 1712.836946529968 -2569.255419794952 -264451.913928964 193679.3402146397 -368751.0309047684 
-846.3429618148077 1692.685923629615 -2539.028885444423 -265540.5304043548 193505.8317548315 -368059.1585458033 
-836.2674503646315 1672.534900729263 -2508.802351093894 -266641.5300284805 193333.9082842385 -367352.8532237262 
-826.1919389144551 1652.38387782891 -2478.575816743366 -267754.9171504682 193163.5185231855 -366631.9460351059 
-816.1164274642789 1632.232854928558 -2448.349282392837 -268880.6854061038 192994.5902870053 -365896.2824838408 
-806.0409160141025 1612.081832028205 -2418.122748042308 -270018.8221374936 192827.0585811369 -365145.70457617 
-795.9654045639263 1591.930809127853 -2387.896213691779 -271169.3033980897 192660.8328290598 -364380.0718867703 
-785.8898931137501 1571.7797862275 -2357.66967934125 -272332.0980682466 192495.8249852473 -363599.2438454683 
-775.8143816635737 1551.628763327147 -2327.443144990721 -273507.1659433836 192331.9370731777 -362803.0878579972 
-765.7388702133975 1531.477740426795 -2297.216610640192 -274694.4567283037 192169.0488017683 -361991.4868133856 
-755.6633587632211 1511.326717526442 -2266.990076289664 -275893.9127479742 192007.0416030251 -361164.3244888223 
-745.5878473130449 1491.17569462609 -2236.763541939134 -277105.4675876388 191845.7862539075 -360321.4932940527 
-735.5123358628686 1471.024671725737 -2206.537007588606 -278329.0457154026 191685.1306301905 -359462.901293639 
-725.4368244126923 1450.873648825385 -2176.310473238077 -279564.5644040665 191524.9236755092 -358588.4581810398 
-715.3613129625162 1430.722625925032 -2146.083938887548 -280811.9329527001 191365.0024462808 -357698.082955589 
-705.2858015123397 1410.571603024679 -2115.857404537019 -282071.0530403921 191205.182851943 -356791.7088263673 
-695.2102900621636 1390.420580124327 -2085.63087018649 -283341.8196715583 191045.27921684 -355869.2722253072 
-685.1347786119871 1370.269557223974 -2055.404335835961 -284624.1211311488 190885.0950507196 -354930.7179687307 
-675.0592671618108 1350.118534323622 -2025.177801485433 -285917.8399222084 190724.4104163498 -353976.0055223429 
-664.9837557116346 1329.967511423269 -1994.951267134904 -287222.8529083169 190563.0056543034 -353005.0963416895 
-654.9082442614583 1309.816488522917 -1964.724732784375 -288539.0321003774 190400.64545565 -352017.9619915002 
-644.8327328112822 1289.665465622564 -1934.498198433846 -289866.2452367557 190237.0828227413 -351014.5817361982 
-634.7572213611057 1269.514442722211 -1904.271664083317 -291204.3564355189 190072.0590503588 -349994.9421939295 
-624.6817099109296 1249.363419821859 -1874.045129732789 -292553.2268769667 189905.3037201586 -348959.0369410548 
-614.6061984607531 1229.212396921506 -1843.818595382259 -293912.7160627854 189736.5308721913 -347906.8676947649 
-604.530687010577 1209.061374021154 -1813.592061031731 -295282.6804201075 189565.4543448342 -346838.4372628754 
-594.4551755604007 1188.910351120801 -1783.365526681202 -296662.9771538159 189391.7647394437 -345753.758960208 
-584.3796641102244 1168.759328220449 -1753.138992330673 -298053.4637732355 189215.1410433967 -344652.8507537753 
-574.3041526600481 1148.608305320096 -1722.912457980144 -299453.9964103418 189035.261834328 -343535.7306265273 
-564.2286412098719 1128.457282419744 -1692.685923629615 -300864.4358424376 188851.7789091577 -342402.4258793425 
-554.1531297596955 1108.306259519391 -1662.459389279087 -302284.6429291512 188664.3435628647 -341252.9626496875 
-544.0776183095193 1088.155236619039 -1632.232854928558 -303714.4825193746 188472.5914970751 -340087.370777518 
-534.002106859343 1068.004213718686 -1602.006320578029 -305153.8235062715 188276.1465143806 -338905.6816478575 
-523.9265954091667 1047.853190818333 -1571.7797862275 -306602.5408332063 188074.6168179149 -337707.9283395881 
-513.8510839589904 1027.702167917981 -1541.553251876971 -308060.5128777573 187867.6057157014 -336494.1418927572 
-503.7755725088142 1007.551145017628 -1511.326717526442 -309527.6255370708 187654.700533786 -335264.3536031804 
-493.7000610586379 987.4001221172757 -1481.100183175913 -311003.7719886326 187435.4760642455 -334018.5930774099 
-483.6245496084616 967.2490992169231 -1450.873648825385 -312488.8534896318 187209.4943016774 -332756.8873638014 
-473.5490381582853 947.0980763165705 -1420.647114474856 -313982.7817566654 186976.3007296249 -331479.260476144 
-463.473526708109 926.947053416218 -1390.420580124327 -315485.4751619881 186735.4342321585 -330185.7310120202 
-453.3980152579327 906.7960305158654 -1360.194045773798 -316996.8657057062 186486.4130013017 -328876.3130702277 
-443.3225038077564 886.6450076155128 -1329.967511423269 -318516.8932878193 186228.7475264994 -327551.0138665232 
-433.2469923575803 866.4939847151607 -1299.740977072741 -320045.5133384621 185961.9267403635 -326209.8336882741 
-423.1714809074039 846.3429618148077 -1269.514442722211 -321582.6904168836 185685.430445688 -324852.7644094137 
-413.0959694572277 826.1919389144555 -1239.287908371683 -323128.4065393894 185398.7157482282 -323479.7883735908 
-403.0204580070513 806.0409160141025 -1209.061374021154 -324682.6562936436 185101.2258557535 -322090.8773759374 
-392.9449465568752 785.8898931137503 -1178.834839670625 -326245.4471809888 184792.388800781 -320685.9922649841 
-382.8694351066987 765.7388702133974 -1148.608305320096 -327816.8095799295 184471.6048077514 -319265.0791685319 
-372.7939236565226 745.5878473130451 -1118.381770969568 -329396.78406539 184138.2627186005 -317828.0718412935 
-362.7184122063461 725.4368244126922 -1088.155236619038 -330985.4312128392 183791.7269415157 -316374.8881196267 
-352.64290075617 705.28580151234 -1057.92870226851 -332582.835844841 183431.3342670296 -314905.4259780553 
-342.5673893059935 685.134778611987 -1027.70216791798 -334189.0948410486 183056.405138721 -313419.5683536829 
-332.4918778558174 664.9837557116348 -997.4756335674521 -335804.3313875957 182666.2295182887 -311917.1749277394 
-322.4163664056409 644.8327328112819 -967.2490992169228 -337428.6911188862 182260.0709100527 -310398.0820843744 
-312.3408549554648 624.6817099109296 -937.0225648663943 -339062.3467060416 181837.1641018399 -308862.0973793847 
-302.2653435052885 604.530687010577 -906.7960305158656 -340705.4855661584 181396.7201076941 -307309.0080672856 
-292.1898320551122 584.3796641102244 -876.5694961653367 -342358.3149351758 180937.9174566865 -305738.5788891947 
-282.1143206049359 564.2286412098719 -846.3429618148077 -344021.041382229 180459.8887592053 -304150.5811852118 
-272.0388091547596 544.0776183095193 -816.1164274642788 -345693.9135732466 179961.7053948399 -302544.7522430251 
-261.9632977045833 523.9265954091667 -785.8898931137501 -347377.2346826227 179442.3945900651 -300920.7673924113 
-251.8877862544071 503.7755725088142 -755.6633587632211 -349071.3461788724 178900.9436923808 -299278.251837392 
-241.8122748042308 483.6245496084616 -725.4368244126922 -350776.6142099091 178336.2845911242 -297616.8021494522 
-231.7367633540545 463.473526708109 -695.2102900621636 -352493.451497016 177747.3030641636 -295935.9513562651 
-221.6612519038782 443.3225038077564 -664.9837557116346 -354222.2972180527 177132.8109234182 -294235.2049771306 
-211.5857404537019 423.1714809074039 -634.7572213611056 -355963.6390787382 176491.5579290372 -292514.0031410513 
-201.5102290035256 403.0204580070512 -604.5306870105768 -357718.0075132418 175822.2146628548 -290771.732346536 
-191.4347175533493 382.8694351066987 -574.304152660048 -359485.9846733198 175123.3723255846 -289007.7087012871 
-181.3592061031732 362.7184122063464 -544.0776183095195 -361268.2019553743 174393.5212556086 -287221.1872407755 
-171.2836946529968 342.5673893059937 -513.8510839589903 -363065.3537162975 173631.057987666 -285411.333049239 
-161.2081832028206 322.4163664056412 -483.6245496084618 -364878.1962987404 172834.2610867368 -283577.2283882816 
-151.1326717526442 302.2653435052885 -453.3980152579326 -366707.5553188174 172001.2776644847 -281717.8619716571 
-141.057160302468 282.114320604936 -423.171480907404 -368554.3387531344 171130.1275396633 -279832.0982919908 
-130.9816488522916 261.9632977045833 -392.9449465568748 -370419.5354440961 170218.6528778241 -277918.6974167781 
-120.9061374021154 241.8122748042309 -362.7184122063464 -372304.2346031534 169264.5317749076 -275976.266333867 
-110.8306259519391 221.6612519038781 -332.491877855817 -374209.6318681669 168265.2359896715 -274003.2594230062 
-100.7551145017629 201.5102290035257 -302.2653435052885 -376137.0443179937 167218.0095056348 -271997.951442097 
-90.6796030515865 181.359206103173 -272.0388091547595 -378087.9258694928 166119.8328888307 -269958.4150062596 
-80.60409160141026 161.2081832028205 -241.8122748042307 -380063.8870192147 164967.3910354628 -267882.4855767885 
-70.5285801512339 141.0571603024678 -211.5857404537016 -382066.7168373725 163757.0239350516 -265767.7282836387 
-60.45306870105776 120.9061374021155 -181.3592061031732 -384098.4103435609 162484.6730725551 -263611.3931302187 
-50.37755725088143 100.7551145017629 -151.1326717526444 -386161.2015358059 161145.8151336713 -261410.3614880777 
-40.30204580070517 80.60409160141033 -120.9061374021153 -388257.6038317657 159735.3807950082 -259161.0803903427 
-30.22653435052884 60.45306870105769 -90.6796030515866 -390390.4600598518 158247.654268844 -256859.4810643856 
-20.15102290035258 40.30204580070517 -60.45306870105782 -392563.0049741006 156676.1423152797 -254500.8800670573 
-10.07551145017626 20.15102290035251 -30.22653435052877 -394778.9440792465 155013.431484757 -252079.8400725367 
0 0 0 -397042.5547766443 153250.9629508955 -249590.0167295531 
10.07551145017626 -20.15102290035251 30.22653435052877 -399358.8173600188 151378.7891998543 -247023.9291590868 
20.15102290035258 -40.30204580070517 60.45306870105782 -401733.5888245231 149385.196762886 -244372.6887323603 
30.22653435052884 -60.45306870105769 90.6796030515866 -404173.8353336244 147256.2615645959 -241625.5960400879 
40.30204580070517 -80.60409160141033 120.9061374021153 -406687.9527339377 144975.1836058554 -238769.6162402724 
50.37755725088143 -100.7551145017629 151.1326717526444 -409286.2174612902 142521.3767792527 -235788.6209238598 
60.45306870105776 -120.9061374021155 181.3592061031732 -411981.4420771751 139869.1479441164 -232662.2815099124 
70.52858015123401 -141.057160302468 211.5857404537022 -414789.9558455586 136985.6723571882 -229364.4316333484 
80.60409160141033 -161.2081832028207 241.812274804231 -417733.1477493591 133827.8923271087 -225860.4367893935 
90.6796030515866 -181.3592061031732 272.0388091547597 -420839.9955399706 130337.3122225819 -222102.9211795984 
100.7551145017629 -201.5102290035259 302.2653435052889 -424151.5145450757 126430.9005524473 -218024.1832793218 
110.8306259519392 -221.6612519038784 332.4918778558176 -427729.2487784008 121983.6304817982 -213521.6804775221 
120.9061374021155 -241.812274804231 362.7184122063464 -431673.5577682783 116790.8840146204 -208426.6137871074 
130.9816488522916 -261.9632977045832 392.9449465568748 -436170.411000857 110471.9310455323 -202423.1938746514 
141.0571603024678 -282.1143206049356 423.1714809074036 -441654.4206253103 102135.6796521578 -194765.2435218187 
151.1326717526442 -302.2653435052883 453.3980152579323 -450011.8972953917 87871.63726653914 -182185.8722752658 
161.2081832028204 -322.4163664056408 483.6245496084614 -350147.3907661164 -271021.3408432317 217642.0500436836 
171.2836946529968 -342.5673893059935 513.8510839589901 -347276.9109266065 -271330.2273439044 221816.3187567114 
181.359206103173 -362.718412206346 544.0776183095189 -344382.3376262285 -271485.9795567935 226097.308332458 
191.4347175533493 -382.8694351066987 574.304152660048 -341454.7397748944 -271473.4129569184 230509.5901319106 
201.5102290035256 -403.0204580070512 604.5306870105768 -338483.7148865596 -271270.1834566277 235085.2754300057 
211.5857404537019 -423.1714809074039 634.7572213611058 -335452.42410771 -270845.6930339503 239871.0197694172 
221.6612519038782 -443.3225038077564 664.9837557116346 -332340.7018194626 -270158.1980017406 244924.540147776 
231.7367633540545 -463.473526708109 695.2102900621634 -329118.1357385219 -269145.0312574152 250331.838321546 
241.8122748042308 -483.6245496084616 725.4368244126923 -325736.6229404173 -267707.3094072373 256226.9957777876 
251.8877862544071 -503.7755725088142 755.6633587632211 -322111.5926176869 -265672.4192849032 262842.3708852969 
261.9632977045833 -523.9265954091667 785.88989311375 -318064.1683582813 -262683.9552815898 270658.7313281706 
272.0388091547596 -544.0776183095193 816.1164274642789 -313070.7863491303 -257694.4860133927 281076.6070184969 
282.1143206049359 -564.2286412098719 846.3429618148077 344021.1812327245 -180462.8649347946 304148.6571444416 
292.1898320551122 -584.3796641102244 876.5694961653365 342358.9897916002 -180938.0848803957 305737.7241177304 
302.2653435052885 -604.530687010577 906.7960305158656 340706.3634396456 -181396.8736049834 307307.9441831429 
312.3408549554647 -624.6817099109295 937.0225648663943 339063.4063800261 -181837.2774075207 308860.8673804329 
322.4163664056412 -644.8327328112823 967.2490992169234 337429.9040150457 -182260.1312506599 310396.7281285184 
332.4918778558174 -664.9837557116349 997.4756335674522 335805.6685719584 -182666.2358961589 311915.7315982456 
342.5673893059937 -685.1347786119874 1027.702167917981 334190.5327929762 -183056.3600060167 313418.0614656633 
352.64290075617 -705.28580151234 1057.92870226851 332584.3594740481 -183431.2406941012 314903.8713173588 
362.7184122063463 -725.4368244126927 1088.155236619039 330987.0295974463 -183791.5877042776 316373.2967988923 
372.7939236565226 -745.5878473130452 1118.381770969568 329398.4448086967 -184138.0845431031 317826.4538681596 
382.8694351066986 -765.7388702133973 1148.608305320096 327818.5263936319 -184471.3902074436 319263.4403561429 
392.944946556875 -785.88989311375 1178.834839670625 326247.2104412391 -184792.1405386321 320684.3414862355 
403.0204580070513 -806.0409160141025 1209.061374021154 324684.4623715276 -185100.9503160361 322089.2151044683 
413.0959694572275 -826.191938914455 1239.287908371683 323130.248964963 -185398.4132174487 323478.1213317108 
423.1714809074038 -846.3429618148076 1269.514442722211 321584.5647313981 -185685.1045767627 324851.0952187696 
433.2469923575802 -866.4939847151603 1299.74097707274 320047.4195534191 -185961.5822312562 326208.1598783904 
443.3225038077564 -886.6450076155129 1329.967511423269 318518.8255001753 -186228.3845680802 327549.3412955553 
453.3980152579327 -906.7960305158654 1360.194045773798 316998.8204021921 -186486.0357642982 328874.6428786138 
463.473526708109 -926.947053416218 1390.420580124327 315487.4508162904 -186735.0437068253 330184.0641661082 
473.5490381582853 -947.0980763165707 1420.647114474856 313984.7753689164 -186975.9013315178 331477.5973694115 
483.6245496084616 -967.2490992169232 1450.873648825384 312490.8681905377 -187209.0888306748 332755.2234852408 
493.7000610586379 -987.4001221172757 1481.100183175914 311005.8008268815 -187435.0676168387 334016.9332227054 
503.7755725088141 -1007.551145017628 1511.326717526442 309529.6674724022 -187654.290312588 335262.6980170966 
513.8510839589903 -1027.702167917981 1541.553251876971 308062.571348561 -187867.1972017363 336492.4854282438 
523.9265954091667 -1047.853190818333 1571.7797862275 306604.6148372883 -188074.2116195953 337706.2710169088 
534.002106859343 -1068.004213718686 1602.006320578029 305155.9119810716 -188275.7462261245 338904.0235317313 
544.0776183095193 -1088.155236619039 1632.232854928558 303716.5832652351 -188472.2013334027 340085.7109233387 
554.1531297596955 -1108.306259519391 1662.459389279087 302286.7548140516 -188663.9650768796 341251.3011630275 
564.2286412098719 -1128.457282419744 1692.685923629615 300866.5666176149 -188851.4205962482 342400.7512119493 
574.3041526600482 -1148.608305320096 1722.912457980145 299456.1398987045 -189034.9221768037 343534.0490760374 
584.3796641102244 -1168.759328220449 1753.138992330673 298055.6259944935 -189214.8334648165 344651.1497295671 
594.4551755604007 -1188.910351120801 1783.365526681202 296665.1602494009 -189391.4919596109 345752.0352326357 
604.530687010577 -1209.061374021154 1813.592061031731 295284.8915469796 -189565.2359131582 346836.6741814899 
614.6061984607534 -1229.212396921507 1843.81859538226 293914.959189189 -189736.3832463815 347905.0531932525 
624.6817099109296 -1249.363419821859 1874.045129732789 292555.5229493158 -189905.2780485179 348957.1259641611 
634.7572213611057 -1269.514442722211 1904.271664083317 291206.7566819949 -190072.7820744503 349992.5524596664 
644.832732811282 -1289.665465622564 1934.498198433846 289868.5590957607 -190237.9866407952 351012.1811085826 
654.9082442614582 -1309.816488522916 1964.724732784375 288541.2721782158 -190401.6101265729 352015.6040731514 
664.9837557116344 -1329.967511423269 1994.951267134904 287225.0245978447 -190564.0018142585 353002.791571544 
675.059267161811 -1350.118534323622 2025.177801485433 285919.94751025 -190725.4222272095 353973.7579708252 
685.1347786119871 -1370.269557223974 2055.404335835961 284626.1705168168 -190886.1087603018 354928.5293397567 
695.2102900621634 -1390.420580124327 2085.63087018649 283343.8127936764 -191046.2947819594 355867.1400981365 
705.2858015123396 -1410.571603024679 2115.857404537019 282072.9940071131 -191206.1902000708 356789.6344921439 
715.3613129625162 -1430.722625925032 2146.083938887548 280813.8243605843 -191365.9986942243 357696.0651052021 
725.4368244126923 -1450.873648825385 2176.310473238077 279566.409134822 -191525.9095598396 358586.4934025504 
735.5123358628686 -1471.024671725737 2206.537007588606 278330.8466227794 -191686.1006299665 359460.9895990455 
745.5878473130448 -1491.17569462609 2236.763541939135 277107.2277146744 -191846.7383981014 360319.6327072644 
755.6633587632214 -1511.326717526443 2266.990076289663 275895.6335365826 -192007.9805213903 361162.5108057936 
765.7388702133975 -1531.477740426795 2297.216610640192 274696.1390532423 -192169.9711179054 361989.7205581741 
775.8143816635737 -1551.628763327147 2327.443144990722 273508.812986521 -192332.841194459 362801.3668893371 
785.88989311375 -1571.7797862275 2357.66967934125 272333.7114477849 -192496.7157537527 363597.5638437272 
795.9654045639265 -1591.930809127853 2387.896213691779 271170.8859645965 -192661.7048013054 364378.4330997522 
806.0409160141027 -1612.081832028205 2418.122748042308 270020.3750615364 -192827.9126457768 365144.1051917715 
816.1164274642789 -1632.232854928558 2448.349282392837 268882.2104342195 -192995.4313842908 365894.7181591988 
826.1919389144551 -1652.38387782891 2478.575816743366 267756.4170189071 -193164.3413564868 366630.4171417205 
836.2674503646317 -1672.534900729263 2508.802351093895 266643.0043801933 -193334.7199279515 367351.3559053302 
846.3429618148078 -1692.685923629616 2539.028885444423 265541.9818648839 -193506.6269282364 368057.6933065332 
856.4184732649841 -1712.836946529968 2569.255419794952 264453.343578335 -193680.1198108151 368749.5961493478 
866.4939847151603 -1732.987969430321 2599.481954145481 263377.077164611 -193855.2455003886 369427.2369712479 
876.5694961653369 -1753.138992330674 2629.70848849601 262313.1640212249 -194032.0408696627 370090.793586017 
886.6450076155128 -1773.290015231026 2659.935022846538 261261.5706883322 -194210.541149364 370740.4507036378 
896.720519065689 -1793.441038131378 2690.161557197066 260222.2644878068 -194390.7661634535 371376.3959855604 
906.7960305158655 -1813.592061031731 2720.388091547596 259195.1983576238 -194572.7348042985 371998.823142128 
916.8715419660417 -1833.743083932083 2750.614625898125 258180.319942522 -194756.4573202522 372607.9295002217 
926.947053416218 -1853.894106832436 2780.841160248654 257177.5696849266 -194941.937722886 373203.9160670755 
937.0225648663942 -1874.045129732788 2811.067694599182 256186.8811359668 -195129.1741450185 373786.9871080442 
947.0980763165707 -1894.196152633141 2841.294228949711 255208.1834737657 -195318.1572743552 374357.3492359556 
957.1735877667469 -1914.347175533494 2871.520763300241 254241.3930623302 -195508.8784467494 374915.2129511684 
967.2490992169231 -1934.498198433846 2901.747297650769 253286.42914374 -195701.3164513782 375460.7888326162 
977.3246106670994 -1954.649221334199 2931.973832001298 252343.1966832044 -195895.4533512762 375994.2909726148 
987.4001221172758 -1974.800244234552 2962.200366351828 251411.6041711515 -196091.2593911811 376515.9328348119 
997.4756335674521 -1994.951267134904 2992.426900702355 250491.5487365779 -196288.7068142323 377025.9301278185 
1007.551145017628 -2015.102290035257 3022.653435052885 249582.9252084357 -196487.7624625926 377524.498604851 
